4960012
4960013
4960009
4960030
4960008
4960028
4960007
4960016
4960026
4960005
4960018
4960024
4960003
4960022
4960002
4960001

432490.33
432477.34
432469.67
432465.17
432454.97
432451.26
432439.85
432434.60
432422.43
432410.75
432405.51
432393.33
432381 .66
432378.79
432367.12
432351.90

4501602.72
4501592.90
4501636.67
4501609.00
4501625.55
4501598.48
4501614.11
4501560.58
4501576.68
4501592.11
4501538.57
4501554.67
4501570.11
4501543.67
4501559.11
4501547.60

